STARLINK-11465 [DTC]    
1 62057U 24217A   24356.66609986  .00016298  00000+0  10344-3 0  9996
2 62057  53.1569  97.2749 0000973  89.3064 270.8068 15.76716680  5562
STARLINK-11426 [DTC]    
1 62058U 24217B   24356.53444237  .00046887  00000+0  28850-3 0  9997
2 62058  53.1545  97.8729 0001500  73.5389 286.5796 15.76759099  5487
STARLINK-11454 [DTC]    
1 62059U 24217C   24356.59295356 -.00016230  00000+0 -95478-4 0  9992
2 62059  53.1532  97.5256 0002156  46.1315 313.9884 15.76694276  5555
STARLINK-11473 [DTC]    
1 62060U 24217D   24356.52467449  .00030517  00000+0  18958-3 0  9990
2 62060  53.1572  97.8105 0000859 132.8912 227.2182 15.76752533  5549
STARLINK-11429 [DTC]    
1 62061U 24217E   24356.90011231  .00055219  00000+0  33943-3 0  9994
2 62061  53.1552  95.8839 0001013  58.5336 301.5784 15.76712471  5593
STARLINK-11470 [DTC]    
1 62062U 24217F   24356.73915184 -.00005622  00000+0 -30396-4 0  9991
2 62062  53.1562  96.2882 0001773  67.7321 292.3888 15.76707418  5527
STARLINK-11427 [DTC]    
1 62063U 24217G   24356.70506441  .00002722  00000+0  20618-4 0  9993
2 62063  53.1572  96.8005 0001444 112.4822 247.6352 15.76741045  5579
STARLINK-11456 [DTC]    
1 62064U 24217H   24356.70018790  .00032476  00000+0  20186-3 0  9997
2 62064  53.1569  96.7645 0002178 135.2687 224.8510 15.76705704  5577
STARLINK-11474 [DTC]    
1 62065U 24217J   24356.69530201  .00004276  00000+0  30116-4 0  9994
2 62065  53.1559  96.7339 0002352  74.7662 285.3619 15.76732610  5579
STARLINK-11463 [DTC]    
1 62066U 24217K   24356.69041263  .00011468  00000+0  73931-4 0  9993
2 62066  53.1562  96.7018 0001242  70.1058 290.0097 15.76740970  5575
STARLINK-11472 [DTC]    
1 62067U 24217L   24356.68553064 -.00005646  00000+0 -30588-4 0  9994
2 62067  53.1567  96.6692 0001353  96.8159 263.3015 15.76677379  5506
STARLINK-11467 [DTC]    
1 62068U 24217M   24356.74404038 -.00007825  00000+0 -43897-4 0  9996
2 62068  53.1572  96.3174 0001327 129.6106 230.5032 15.76705906  5584
STARLINK-11460 [DTC]    
1 62069U 24217N   24356.91668981 -.00024184  00000+0 -14401-3 0  9990
2 62069  53.1550  95.3482 0001353  85.7772 230.3412 15.76754363  5594
STARLINK-32604          
1 62070U 24217P   24356.66797202 -.00001384  00000+0 -16811-4 0  9998
2 62070  53.1609  98.7356 0001773  57.2232 302.8948 15.49306511  5495
STARLINK-32553          
1 62071U 24217Q   24356.91668981 -.01546337  00000+0 -36845-1 0  9997
2 62071  53.1589  97.5684 0001197  75.8604 219.3443 15.44161968  5642
STARLINK-32603          
1 62072U 24217R   24356.92531068  .00003188  00000+0  65319-4 0  9994
2 62072  53.1605  97.4946 0001254  93.4178 266.6974 15.49321689  5588
STARLINK-32444          
1 62073U 24217S   24356.71420440  .00000988  00000+0  25814-4 0  9994
2 62073  53.1613  99.0437 0001178  83.6308 276.4835 15.49312688  5496
STARLINK-32619          
1 62074U 24217T   24356.53792165  .00001388  00000+0  33006-4 0  9998
2 62074  53.1611  99.3442 0001245  85.0337 275.0814 15.49315442  5478
STARLINK-32580          
1 62075U 24217U   24356.53757586  .00003241  00000+0  66274-4 0  9990
2 62075  53.1604  99.3384 0001093  85.2454 274.8680 15.49319123  5477
STARLINK-32617          
1 62076U 24217V   24357.16667824 -.01479719  00000+0 -34109-1 0  9995
2 62076  53.1589  96.3467 0001245  88.7434 173.8279 15.44992113  5567
SZ-18 MODULE            
1 62077U 24078F   24357.09384143  .00053071  00000+0  48882-3 0  9994
2 62077  41.4791  15.9765 0005298  46.0214 314.1063 15.66756462  7322
CZ-2C R/B               
1 62078U 24218A   24357.11355250  .00010620  00000+0  54989-3 0  9999
2 62078  97.5504   1.5766 0055455  97.7952 262.9581 15.15034402  4117
SUPERVIEW NEO-2 03      
1 62079U 24218B   24357.02697476  .00000944  00000+0  47288-4 0  9992
2 62079  97.4393   1.1363 0002008  90.5232 269.6233 15.19784216  4106
SUPERVIEW NEO-2 04      
1 62080U 24218C   24356.03928707 -.00000074  00000+0 -30783-6 0  9998
2 62080  97.4392   0.1574 0001759  85.2697 274.8738 15.19721548  3957
KINEIS-5C               
1 62081U 24219A   24357.08662210  .00004812  00000+0  68836-3 0  9999
2 62081  97.9497 155.6483 0001083 340.0011  20.1156 14.77083181  3960
KINEIS-5D               
1 62082U 24219B   24357.08512925  .00004941  00000+0  70540-3 0  9995
2 62082  97.9495 155.6507 0000934 313.4483  46.6649 14.77153715  3968
KINEIS-5E               
1 62083U 24219C   24357.08446425  .00004730  00000+0  67454-3 0  9993
2 62083  97.9496 155.6508 0000360  53.1373 306.9870 14.77222779  3965
KINEIS-5A               
1 62084U 24219D   24357.07885797  .00004857  00000+0  68722-3 0  9991
2 62084  97.9496 155.6591 0001447 223.3166 136.7931 14.77544273  3969
KINEIS-5B               
1 62085U 24219E   24357.07608162  .00004919  00000+0  69400-3 0  9994
2 62085  97.9497 155.6620 0001681 188.9411 171.1770 14.77660163  3964
ELECTRON KICK STAGE R/B 
1 62086U 24219F   24356.91685726  .00007874  00000+0  79021-3 0  9991
2 62086  97.9396 155.9845 0057185 309.6810  49.9372 14.90361502  3971
STARLINK-11384 [DTC]    
1 62088U 24220A   24356.92636491  .00002231  00000+0  20866-4 0  9997
2 62088  42.9956 192.3004 0001061 237.8222 122.2542 15.70850665  5415
STARLINK-11379 [DTC]    
1 62089U 24220B   24356.98466097 -.00001236  00000+0 -61496-5 0  9998
2 62089  42.9985 191.8775 0001317 282.1716  77.9004 15.70815004  5329
STARLINK-11387 [DTC]    
1 62090U 24220C   24356.59783246  .00003614  00000+0  31643-4 0  9995
2 62090  43.0011 194.1321 0001650 281.0372  79.0310 15.70841861  5369
STARLINK-11389 [DTC]    
1 62091U 24220D   24357.16667824 -.00009175  00000+0 -68154-4 0  9990
2 62091  42.9990 190.6280 0001674 268.4371 102.4013 15.70816673  5356
STARLINK-11388 [DTC]    
1 62092U 24220E   24357.03230414  .00000053  00000+0  39153-5 0  9990
2 62092  42.9999 191.3657 0002059 268.2660  91.7972 15.70831585  5330
STARLINK-11345 [DTC]    
1 62093U 24220F   24356.91668981  .00062592  00000+0  48861-3 0  9991
2 62093  42.9993 191.9873 0001588 274.2804 181.2603 15.70791286  5333
STARLINK-11381 [DTC]    
1 62094U 24220G   24356.91668981  .00046932  00000+0  36769-3 0  9996
2 62094  42.9996 191.9137 0001968 274.2995 211.2957 15.70805893  5339
STARLINK-11369 [DTC]    
1 62095U 24220H   24357.16667824 -.00934302  00000+0 -75898-2 0  9994
2 62095  42.9996 190.3329 0001805 278.4231 211.2408 15.72075010  5451
STARLINK-11303 [DTC]    
1 62096U 24220J   24356.95196126  .00005476  00000+0  39009-4 0  9998
2 62096  42.9990 191.6116 0001642 274.9206  85.1476 15.74871411  5427
STARLINK-11367 [DTC]    
1 62097U 24220K   24356.88820399  .00018990  00000+0  12734-3 0  9997
2 62097  42.9993 191.9930 0001830 268.5565  91.5094 15.74877246  5412
STARLINK-11386 [DTC]    
1 62098U 24220L   24356.88786920  .00003961  00000+0  29101-4 0  9998
2 62098  42.9992 191.9921 0001654 262.1178  97.9504 15.74860566  5318
STARLINK-11380 [DTC]    
1 62099U 24220M   24356.69726651  .00003275  00000+0  24601-4 0  9991
2 62099  43.0005 193.1409 0001626 271.7318  88.3364 15.74862053  5289
STARLINK-33566          
1 62100U 24220N   24355.97879480 -.00000534  00000+0 -32713-5 0  9994
2 62100  42.9988 198.9820 0001597 263.6263  96.4416 15.50591048  5247
STARLINK-33545          
1 62101U 24220P   24356.91668981 -.01414168  00000+0 -32306-1 0  9999
2 62101  43.0001 193.5407 0001424 275.5158 269.3683 15.44898998  5257
STARLINK-33562          
1 62102U 24220Q   24356.94433825  .00000904  00000+0  21239-4 0  9992
2 62102  42.9988 193.3257 0001647 267.0115  93.0556 15.50576910  5229
STARLINK-33554          
1 62103U 24220R   24357.16667824 -.01055500  00000+0 -26722-1 0  9990
2 62103  43.0001 192.1345 0001733 273.5312 204.5437 15.41527806  5182
STARLINK-33555          
1 62104U 24220S   24357.00806194 -.00001696  00000+0 -23070-4 0  9991
2 62104  43.0004 192.9417 0002425 266.4233  93.6350 15.50584754  5373
STARLINK-33542          
1 62105U 24220T   24356.68393615  .00008874  00000+0  15687-3 0  9991
2 62105  42.9990 194.8103 0000866 264.3592  95.7169 15.50584993  5377
STARLINK-33557          
1 62106U 24220U   24356.66668981  .00069038  00000+0  83143-3 0  9992
2 62106  42.9995 194.3978 0001957 282.1649 192.0333 15.59908526  5185
STARLINK-33559          
1 62107U 24220V   24356.68496420  .00015282  00000+0  26557-3 0  9990
2 62107  42.9948 194.8184 0000438 115.1383 244.9522 15.50602777  5357
STARLINK-33553          
1 62108U 24220W   24357.00737991  .00001663  00000+0  34160-4 0  9997
2 62108  42.9990 192.9385 0001628 266.6760  93.3914 15.50579302  5404
STARLINK-33556          
1 62109U 24220X   24356.91668981 -.01391986  00000+0 -30058-1 0  9991
2 62109  43.0000 193.4807 0001417 272.4710 297.0330 15.46967984  5441
STARLINK-33551          
1 62110U 24220Y   24356.68427727  .00007402  00000+0  13187-3 0  9998
2 62110  42.9986 194.8146 0001522 283.5844  76.4846 15.50579869  5350
GUANGCHUAN 01           
1 62111U 24221A   24356.30446940  .00010143  00000+0  20539-3 0  9992
2 62111  49.9263 297.0203 0099016 239.8901 251.3509 15.41864317  3734
GUANGCHUAN 02           
1 62112U 24221B   24356.92912125  .00028279  00000+0  64496-3 0  9993
2 62112  49.9613 293.8789 0062330 248.8846 110.5445 15.40580581  3826
ZQ-2E R/B               
1 62113U 24221C   24356.80561809  .02682819  11396-4  58302-3 0  9992
2 62113  49.9124 289.3676 0120600 161.1610 295.4601 16.13143804  3898
STARLINK-32311          
1 62114U 24222A   24357.16667824 -.01519598  00000+0 -31914-1 0  9995
2 62114  43.0002 122.4189 0001326 273.0829 278.7561 15.47527817  5148
STARLINK-32470          
1 62115U 24222B   24357.25001157  .00018394  00000+0  31875-3 0  9990
2 62115  43.0000 121.9139 0002037 263.7072  40.9832 15.50566946  5142
STARLINK-32502          
1 62116U 24222C   24357.16667824 -.00023128  00000+0 -38940-3 0  9993
2 62116  43.0003 122.3957 0002105 264.9098 295.9602 15.50589438  5032
STARLINK-32521          
1 62117U 24222D   24356.72856161 -.00169981  00000+0 -87923-3 0  9992
2 62117  43.0014 122.9637 0000778 280.8630  79.2154 15.80537252  4943
STARLINK-32549          
1 62118U 24222E   24356.91668981  .00007231  00000+0  12896-3 0  9999
2 62118  43.0001 123.8502 0001647 277.0489 330.5263 15.50581132  5057
STARLINK-32535          
1 62119U 24222F   24357.16667824 -.01295005  00000+0 -24158-1 0  9996
2 62119  43.0004 122.3770 0001609 264.8491 303.6546 15.50867412  4981
STARLINK-32548          
1 62120U 24222G   24357.16667824 -.00023698  00000+0 -39923-3 0  9992
2 62120  43.0003 122.3813 0001768 264.6827 301.9458 15.50585363  4993
STARLINK-32525          
1 62121U 24222H   24356.91668981  .00051488  00000+0  87806-3 0  9999
2 62121  43.0001 123.8357 0001814 272.3704 340.9426 15.50566896  5004
STARLINK-32628          
1 62122U 24222J   24357.16667824 -.00010892  00000+0 -18005-3 0  9994
2 62122  43.0004 122.3671 0001795 262.0307 310.3379 15.50585250  5142
STARLINK-32626          
1 62123U 24222K   24356.91668981 -.00009169  00000+0 -15058-3 0  9992
2 62123  43.0002 123.8253 0001697 282.3198 334.8338 15.50589590  4996
STARLINK-32608          
1 62124U 24222L   24356.91668981  .00003503  00000+0  65521-4 0  9998
2 62124  43.0002 123.8206 0002174 275.0909 343.9891 15.50578344  4995
STARLINK-32488          
1 62125U 24222M   24357.16667824 -.00011585  00000+0 -19194-3 0  9997
2 62125  43.0003 122.3521 0001572 270.2072 307.9186 15.50579121  4889
STARLINK-32490          
1 62126U 24222N   24357.16667824 -.00002630  00000+0 -39019-4 0  9998
2 62126  43.0004 122.3468 0001968 268.5216 311.5270 15.50574191  4988
STARLINK-32557          
1 62127U 24222P   24356.82140471 -.00041208  00000+0 -20609-3 0  9993
2 62127  42.9985 121.9085 0001690 274.0083  86.0595 15.80731951  5012
STARLINK-32568          
1 62128U 24222Q   24356.91668981  .00016923  00000+0  29363-3 0  9995
2 62128  43.0002 123.8008 0001602 277.5773 349.1580 15.50581745  4699
STARLINK-32462          
1 62129U 24222R   24356.91668981 -.01509304  00000+0 -31163-1 0  9998
2 62129  43.0002 123.8051 0001617 273.7407 351.1627 15.47989150  4947
STARLINK-32463          
1 62130U 24222S   24357.16667824 -.00020053  00000+0 -33674-3 0  9992
2 62130  43.0004 122.3272 0001776 262.4340 325.2712 15.50588834  4986
STARLINK-32550          
1 62131U 24222T   24356.91668981  .00007648  00000+0  13603-3 0  9993
2 62131  43.0002 123.7811 0001591 276.6996 357.7029 15.50586434  4994
STARLINK-32507          
1 62132U 24222U   24357.16667824 -.01528739  00000+0 -29185-1 0  9999
2 62132  43.0005 122.3227 0001504 266.8027 322.7457 15.50234346  4836
STARLINK-32245          
1 62133U 24222V   24356.91668981  .00030503  00000+0  52384-3 0  9990
2 62133  43.0002 123.7765 0001634 273.7947   2.5291 15.50572977  5103
STARLINK-32546          
1 62134U 24222W   24356.91668981 -.01387956  00000+0 -28827-1 0  9994
2 62134  43.0001 123.7811 0001535 277.6448 356.8014 15.48065308  4833
STARLINK-32545          
1 62135U 24222X   24356.91668981  .00005119  00000+0  93017-4 0  9996
2 62135  43.0002 123.7672 0001664 275.0515   5.1144 15.50580360  4998
STARLINK-32554          
1 62136U 24222Y   24356.91668981  .00041590  00000+0  71134-3 0  9995
2 62136  43.0003 123.7571 0001798 278.3406   5.6568 15.50564480  5059
STARLINK-32570          
1 62137U 24222Z   24356.91668981  .00035677  00000+0  61143-3 0  9994
2 62137  43.0002 123.7621 0001673 276.2992   5.7805 15.50567606  5096
KONDOR-FKA NO. 2        
1 62138U 24223A   24357.10552623  .00009611  00000+0  46275-3 0  9991
2 62138  97.4391 197.5125 0002390  50.9693 309.1754 15.18964040  3371
STARLINK-32529          
1 62139U 24224A   24357.25001157 -.01405298  00000+0 -34542-1 0  9996
2 62139  43.0001 148.1654 0001677 272.1341  75.0358 15.42736898  4624
STARLINK-32464          
1 62140U 24224B   24357.25001157 -.01493962  00000+0 -25229-1 0  9995
2 62140  43.0002 146.9713 0001640 276.7413 194.8496 15.54041375  4635
STARLINK-32482          
1 62141U 24224C   24357.25001157 -.01493913  00000+0 -25228-1 0  9991
2 62141  43.0002 146.9761 0001648 276.2854 193.3886 15.54041366  4537
STARLINK-32454          
1 62142U 24224D   24357.16667824 -.01545914  00000+0 -25455-1 0  9992
2 62142  43.0003 147.4561 0001839 274.2798  92.4090 15.54330978  4682
STARLINK-32485          
1 62143U 24224E   24357.16667824 -.01545614  00000+0 -25450-1 0  9995
2 62143  43.0003 147.4514 0001829 274.9325  93.6737 15.54330591  4258
STARLINK-32388          
1 62144U 24224F   24357.16667824 -.01514844  00000+0 -25356-1 0  9992
2 62144  43.0003 147.4460 0001733 273.6609  96.8650 15.54326557  4687
STARLINK-32374          
1 62145U 24224G   24357.16667824 -.01545684  00000+0 -25451-1 0  9995
2 62145  43.0003 147.4369 0001830 275.7153  98.6412 15.54330875  4685
STARLINK-32384          
1 62146U 24224H   24357.16667824 -.01545514  00000+0 -25448-1 0  9994
2 62146  43.0003 147.4415 0001836 275.0013  97.4386 15.54330714  4681
STARLINK-32295          
1 62147U 24224J   24357.25001157 -.01494442  00000+0 -25238-1 0  9996
2 62147  43.0002 146.9416 0001619 276.1069 206.9854 15.54041672  4586
STARLINK-32479          
1 62148U 24224K   24357.16667824 -.01506431  00000+0 -25209-1 0  9996
2 62148  43.0004 147.4213 0001438 270.5997 109.5197 15.54317410  4626
STARLINK-32468          
1 62149U 24224L   24357.16667824 -.01545506  00000+0 -25448-1 0  9998
2 62149  43.0002 147.4268 0001823 276.1572 102.0334 15.54330681  4529
STARLINK-32629          
1 62150U 24224M   24357.16667824 -.01545574  00000+0 -25449-1 0  9996
2 62150  43.0003 147.4169 0001830 275.6743 106.3499 15.54330878  4688
STARLINK-32644          
1 62151U 24224N   24357.16667824 -.00025532  00000+0 -37218-3 0  9992
2 62151  43.0003 147.4069 0002056 267.4749 118.4383 15.54601615  4680
STARLINK-32623          
1 62152U 24224P   24357.16667824 -.01545332  00000+0 -25445-1 0  9996
2 62152  43.0003 147.4117 0001805 275.4483 108.4931 15.54330656  4626
STARLINK-32639          
1 62153U 24224Q   24357.16667824 -.01545283  00000+0 -25444-1 0  9991
2 62153  43.0003 147.4017 0001825 275.9383 111.8369 15.54330611  4525
STARLINK-32625          
1 62154U 24224R   24357.16667824 -.01545339  00000+0 -25445-1 0  9995
2 62154  43.0003 147.3969 0001809 275.5090 114.1831 15.54330758  4571
STARLINK-32635          
1 62155U 24224S   24357.16667824 -.01540815  00000+0 -25367-1 0  9993
2 62155  43.0003 147.3921 0001728 275.9482 115.6635 15.54326936  4525
STARLINK-32532          
1 62156U 24224T   24357.16667824 -.01545287  00000+0 -25444-1 0  9998
2 62156  43.0003 147.3869 0001823 276.6101 116.9158 15.54330699  4524
STARLINK-32503          
1 62157U 24224U   24357.16667824 -.01540691  00000+0 -25365-1 0  9995
2 62157  43.0003 147.3823 0001720 275.6950 119.7511 15.54326737  4254
STARLINK-32508          
1 62158U 24224V   24357.16667824 -.01545341  00000+0 -25445-1 0  9992
2 62158  43.0004 147.3770 0001813 276.8475 120.5121 15.54330762  4682
STARLINK-32524          
1 62159U 24224W   24357.16667824 -.01545337  00000+0 -25445-1 0  9998
2 62159  43.0003 147.3727 0001810 276.7690 122.5077 15.54330714  4521
STARLINK-32484          
1 62160U 24224X   24357.16667824 -.01545338  00000+0 -25445-1 0  9991
2 62160  43.0004 147.3675 0001806 277.1963 123.9972 15.54330767  4683
STARLINK-32497          
1 62161U 24224Y   24357.16667824 -.01545392  00000+0 -25446-1 0  9993
2 62161  43.0005 147.3575 0001800 277.2708 127.7566 15.54330808  4683
STARLINK-32526          
1 62162U 24224Z   24357.16667824 -.01545449  00000+0 -25447-1 0  9998
2 62162  43.0004 147.3628 0001802 277.2369 125.8735 15.54330837  4686
STARLINK-32523          
1 62165U 24225C   24356.91668981 -.01499301  00000+0 -36430-1 0  9998
2 62165  69.9996 207.8468 0003343 279.2190 202.2945 15.43837486  2812
STARLINK-32551          
1 62166U 24225D   24356.91668981 -.00025836  00000+0 -68027-3 0  9995
2 62166  69.9999 208.0325 0003356 271.9640  46.3536 15.38328934  2881
STARLINK-32506          
1 62167U 24225E   24356.91668981  .00011924  00000+0  31809-3 0  9995
2 62167  70.0000 207.9296 0003339 280.4073 127.9313 15.38305109  2887
STARLINK-32562          
1 62168U 24225F   24357.16667824 -.01554719  00000+0 -32077-1 0  9992
2 62168  69.9990 207.1214 0003323 279.4884 194.0257 15.48674675  3405
STARLINK-32558          
1 62169U 24225G   24357.16667824 -.01551750  00000+0 -35673-1 0  9990
2 62169  69.9993 207.1383 0003594 278.0577 180.5931 15.45558681  3415
STARLINK-32538          
1 62170U 24225H   24356.91668981 -.01493810  00000+0 -40624-1 0  9993
2 62170  69.9999 207.8812 0003381 279.5934 171.1634 15.40475139  2881
STARLINK-32257          
1 62171U 24225J   24357.16667824 -.00011290  00000+0 -29408-3 0  9993
2 62171  69.9996 207.3100 0003251 266.9290  40.3085 15.38383284  3407
STARLINK-32407          
1 62172U 24225K   24357.07966154 -.00081764  00000+0 -13707-2 0  9999
2 62172  69.9964 207.3456 0003134 265.3956  94.6873 15.51888193  3398
STARLINK-32575          
1 62173U 24225L   24356.95082999 -.00155263  00000+0 -26913-2 0  9991
2 62173  69.9964 207.6986 0003937 264.3906  95.6831 15.51232871  3385
STARLINK-32552          
1 62174U 24225M   24356.91668981  .00044969  00000+0  11857-2 0  9998
2 62174  69.9999 208.0053 0003713 274.2230  67.1656 15.38264987  2797
STARLINK-32534          
1 62175U 24225N   24357.16667824 -.00011165  00000+0 -29139-3 0  9999
2 62175  69.9998 207.2324 0003324 283.2121  92.1171 15.38320864  3402
STARLINK-32516          
1 62176U 24225P   24356.91668981 -.01497896  00000+0 -39843-1 0  9998
2 62176  69.9998 207.8582 0003503 277.7609 193.1500 15.41147203  2880
STARLINK-32542          
1 62177U 24225Q   24356.91668981 -.01498782  00000+0 -32930-1 0  9994
2 62177  69.9994 207.7950 0003419 276.5130 249.4179 15.46765736  2886
STARLINK-32600          
1 62178U 24225R   24357.07657173 -.00033569  00000+0 -55022-3 0  9990
2 62178  69.9965 207.3330 0003486 270.5259  89.5528 15.52263881  3392
STARLINK-32584          
1 62179U 24225S   24357.16667824 -.01187161  00000+0 -79743-2 0  9999
2 62179  69.9994 206.1668 0003574 261.9059 320.1696 15.77621740  3430
STARLINK-32587          
1 62180U 24225T   24357.14281369  .00140966  00000+0  77499-3 0  9991
2 62180  70.0018 205.9113 0003738 280.6708  79.4072 15.79172300  3432
STARLINK-32602          
1 62181U 24225U   24356.91668981 -.01497582  00000+0 -36841-1 0  9991
2 62181  69.9995 207.8169 0003324 278.6371 228.0347 15.43470084  2943
STARLINK-32565          
1 62182U 24225V   24356.91668981  .00047491  00000+0  12504-2 0  9990
2 62182  70.0000 207.9515 0003269 269.4002 118.8390 15.38295328  2884
STARLINK-32589          
1 62183U 24225W   24356.91668981 -.00017985  00000+0 -47181-3 0  9998
2 62183  70.0000 207.9650 0003389 270.4975 105.7935 15.38336694  2847
STARLINK-32581          
1 62184U 24225X   24357.13973765 -.00320239  00000+0 -56723-2 0  9993
2 62184  69.9982 207.1518 0003222 284.4232  75.6597 15.51223460  3409
2024-226A               
1 62185U 24226A   24356.88475881 -.00000083  00000+0  68106-4 0  9993
2 62185  50.0034 156.3505 0055963 250.7401 108.7424 13.60105665  2908
2024-226B               
1 62186U 24226B   24356.83387165 -.00000066  00000+0  96378-4 0  9999
2 62186  50.0022 156.7411 0035257 255.4773 104.2197 13.54280456  2895
CZ-12 R/B               
1 62187U 24226C   24356.89357151 -.00000124  00000+0  16601-4 0  9994
2 62187  49.9997 154.4042 0061149 174.4624 185.6955 13.73594832  2930
TJS-13                  
1 62188U 24227A   24352.07956104  .00000625  00000+0  00000+0 0  9991
2 62188  63.4128 105.1675 6963530 269.6008  17.4086  2.00558980   271
CZ-3B R/B               
1 62189U 24227B   24356.66381046  .00054558  10564-5  46027-3 0  9997
2 62189  51.3543 108.1340 7528736 228.4554  37.2911  2.02460015   377
HAISHAO-1               
1 62190U 24228A   24357.09204925  .00057917  00000+0  93486-3 0  9999
2 62190  42.9940   0.1593 0115863 180.1399 179.9443 15.44714255  2705
STARLINK-32686          
1 62192U 24229A   24357.16667824 -.01365724  00000+0 -13528-1 0  9999
2 62192  42.9993 254.8626 0001654 273.4655 153.7130 15.67937058  3957
STARLINK-32688          
1 62193U 24229B   24357.16667824 -.01365716  00000+0 -13528-1 0  9991
2 62193  42.9993 254.8575 0001646 272.4197 156.6758 15.67936982  3887
STARLINK-32684          
1 62194U 24229C   24357.16667824 -.01365412  00000+0 -13525-1 0  9992
2 62194  42.9993 254.8527 0001602 273.5988 157.4141 15.67936731  4009
STARLINK-32672          
1 62195U 24229D   24357.16667824 -.01365819  00000+0 -13529-1 0  9998
2 62195  42.9993 254.8473 0001652 273.1829 159.7463 15.67937181  3848
STARLINK-32682          
1 62196U 24229E   24353.08334491  .00595062  14580-3  18089-2 0  9998
2 62196  43.0008 279.2978 0002931 233.5811 184.9657 15.91217063  3203
STARLINK-32663          
1 62197U 24229F   24357.16667824 -.01365249  00000+0 -13523-1 0  9991
2 62197  42.9993 254.8380 0001645 273.2583 163.5049 15.67936600  3890
STARLINK-32640          
1 62198U 24229G   24357.16667824 -.01365067  00000+0 -13521-1 0  9998
2 62198  42.9993 254.8276 0001655 275.7720 164.8253 15.67936441  3856
STARLINK-32653          
1 62199U 24229H   24357.16667824 -.00942041  00000+0 -68356-2 0  9998
2 62199  42.9994 254.2365 0001555 254.6059  61.3231 15.75090787  4021
STARLINK-32647          
1 62200U 24229J   24357.16667824 -.01364945  00000+0 -13520-1 0  9995
2 62200  42.9993 254.8226 0001610 275.2429 167.2716 15.67936281  3883
STARLINK-32667          
1 62201U 24229K   24357.16667824 -.01366277  00000+0 -13534-1 0  9991
2 62201  42.9993 254.8175 0001639 272.3994 172.0309 15.67937516  3854
STARLINK-32655          
1 62202U 24229L   24357.16667824 -.01364449  00000+0 -13514-1 0  9999
2 62202  42.9993 254.8128 0001687 273.7884 172.5590 15.67936288  3851
STARLINK-32665          
1 62203U 24229M   24357.16667824 -.01365032  00000+0 -13521-1 0  9997
2 62203  42.9993 254.8077 0001612 273.5384 174.7270 15.67936208  3969
STARLINK-32664          
1 62204U 24229N   24357.16667824 -.01363974  00000+0 -13509-1 0  9997
2 62204  42.9993 254.8026 0001664 272.8623 177.3190 15.67935982  3855
STARLINK-32660          
1 62205U 24229P   24356.91668981 -.01408272  00000+0 -10803-1 0  9990
2 62205  42.9991 256.1493 0001373 279.9993 259.1227 15.74041931  3830
STARLINK-32448          
1 62206U 24229Q   24357.16667824 -.01366247  00000+0 -13534-1 0  9993
2 62206  42.9993 254.7877 0001587 272.1320 183.8000 15.67937467  3853
STARLINK-32430          
1 62207U 24229R   24357.16667824 -.01364667  00000+0 -13517-1 0  9999
2 62207  42.9993 254.7926 0001613 277.3256 176.6906 15.67936064  3884
STARLINK-32675          
1 62208U 24229S   24357.16667824 -.01364479  00000+0 -13515-1 0  9999
2 62208  42.9993 254.7826 0001618 275.6372 182.2129 15.67935820  3956
STARLINK-32671          
1 62209U 24229T   24357.16667824 -.01362853  00000+0 -13497-1 0  9993
2 62209  42.9993 254.7731 0001659 274.3153 187.3679 15.67935118  4014
STARLINK-32670          
1 62210U 24229U   24357.16667824 -.01364951  00000+0 -13520-1 0  9993
2 62210  42.9993 254.7783 0001625 274.7883 184.9784 15.67936243  3828
STARLINK-32642          
1 62211U 24229V   24357.16667824 -.01366044  00000+0 -13532-1 0  9992
2 62211  42.9993 254.7684 0001556 272.0539 191.5460 15.67937317  3885
STARLINK-32668          
1 62212U 24229W   24357.16667824 -.01365581  00000+0 -13527-1 0  9992
2 62212  42.9993 254.7633 0001565 271.8263 193.6906 15.67936919  3853
STARLINK-32669          
1 62213U 24229X   24357.16667824 -.01362301  00000+0 -13491-1 0  9990
2 62213  42.9993 254.7589 0001660 274.5511 192.8828 15.67934836  3957
STARLINK-32666          
1 62214U 24229Y   24357.16667824 -.01362193  00000+0 -13490-1 0  9999
2 62214  42.9993 254.7537 0001630 272.7851 196.5658 15.67934778  3840
STARLINK-32662          
1 62215U 24229Z   24357.16667824 -.01360966  00000+0 -13477-1 0  9991
2 62215  42.9993 254.7492 0001633 273.7632 197.5056 15.67933511  3849
COSMOS 2580             
1 62216U 24230A   24356.93563165 -.00000015  00000+0  43626-4 0  9997
2 62216  67.1465 288.7991 0006660 265.1414  94.8910 13.96672967  2417
SL-4 R/B                
1 62217U 24230B   24357.07305741  .00147762  86720-5  74096-3 0  9991
2 62217  67.1353 280.9860 0438325  76.2091 288.7419 15.08950661  2617
STARLINK-11394 [DTC]    
1 62218U 24231A   24357.16667824  .00141112  00000+0  85588-3 0  9998
2 62218  53.1589 124.3877 0000912  84.0148   4.1013 15.76624180  3788
STARLINK-11490 [DTC]    
1 62219U 24231B   24356.91668981  .00035039  00000+0  21752-3 0  9999
2 62219  53.1574 125.5770 0001120  81.4552  54.5413 15.76694977  3874
STARLINK-11466 [DTC]    
1 62220U 24231C   24357.16667824 -.00068287  00000+0 -41581-3 0  9999
2 62220  53.1590 124.2738 0000905  78.1082  65.3889 15.76770682  3847
STARLINK-11468 [DTC]    
1 62221U 24231D   24357.16667824  .00051217  00000+0  31559-3 0  9997
2 62221  53.1608 124.2165 0001034  96.2686  75.0062 15.76689123  3836
STARLINK-11488 [DTC]    
1 62222U 24231E   24357.16667824  .00140531  00000+0  85075-3 0  9998
2 62222  53.1618 124.1596 0000882  39.7101 159.2671 15.76668890  3636
STARLINK-11483 [DTC]    
1 62223U 24231F   24357.16667824 -.00990694  00000+0 -65309-2 0  9991
2 62223  53.1623 124.1041 0001148  74.9587 151.1343 15.77612858  3915
STARLINK-11492 [DTC]    
1 62224U 24231G   24357.16667824 -.00167351  00000+0 -10361-2 0  9996
2 62224  53.1617 124.0456 0001554  51.8058 202.6142 15.76783611  3864
STARLINK-11471 [DTC]    
1 62225U 24231H   24357.16667824 -.01060316  00000+0 -62151-2 0  9995
2 62225  53.1627 124.0051 0000866  72.2595 201.8890 15.79952108  3587
STARLINK-11475 [DTC]    
1 62226U 24231J   24357.16667824 -.01009575  00000+0 -56840-2 0  9994
2 62226  53.1626 123.9623 0000872  73.7580 221.0891 15.81102477  3840
STARLINK-11469 [DTC]    
1 62227U 24231K   24357.16667824 -.01006682  00000+0 -53822-2 0  9998
2 62227  53.1628 123.9226 0000815  84.3538 229.5772 15.82195765  3844
STARLINK-11476 [DTC]    
1 62228U 24231L   24353.70766114  .00026945  00000+0  88467-4 0  9993
2 62228  53.1644 141.3743 0001814 173.9039 186.2010 15.90379232  3343
STARLINK-11485 [DTC]    
1 62229U 24231M   24357.16667824 -.00958273  00000+0 -46145-2 0  9991
2 62229  53.1628 123.8547 0000991  73.8717 272.9425 15.84263607  3635
STARLINK-11481 [DTC]    
1 62230U 24231N   24357.16667824 -.00812287  00000+0 -37284-2 0  9991
2 62230  53.1626 123.8410 0000819  83.8861 269.4353 15.84902531  3844
STARLINK-32650          
1 62231U 24231P   24356.91668981 -.00028258  00000+0 -19283-3 0  9996
2 62231  53.1588 125.5453 0000905  81.5833  66.4618 15.73763467  3837
STARLINK-32636          
1 62232U 24231Q   24356.91668981  .00037209  00000+0  26254-3 0  9997
2 62232  53.1588 125.5492 0001165  73.7704  72.3933 15.73712144  3832
STARLINK-32643          
1 62233U 24231R   24357.16667824  .00096972  00000+0  67365-3 0  9991
2 62233  53.1585 124.2998 0000984  89.5303  37.5969 15.73670833  3857
STARLINK-32652          
1 62234U 24231S   24357.16667824 -.00011625  00000+0 -76726-4 0  9998
2 62234  53.1585 124.2960 0000985  70.2459  58.7862 15.73729449  3852
STARLINK-32631          
1 62235U 24231T   24356.91668981  .00109633  00000+0  75963-3 0  9992
2 62235  53.1586 125.5293 0001040  79.3262  76.4066 15.73679036  3839
STARLINK-32641          
1 62236U 24231U   24357.16667824 -.00018320  00000+0 -12353-3 0  9994
2 62236  53.1583 124.2925 0000903  99.3469  31.6117 15.73727721  3850
CZ-6A R/B               
1 62237U 24232A   24356.85802637  .00000547  00000+0  12415-3 0  9993
2 62237  89.0231  78.1811 0100941  57.5411 303.5507 14.51363974 50741
QIANFAN-37              
1 62238U 24232B   24356.87723855  .00001172  00000+0  49312-3 0  9991
2 62238  88.9935  78.2268 0017206 157.1358 203.0605 14.25091912 50706
QIANFAN-38              
1 62239U 24232C   24356.87688480  .00001187  00000+0  49881-3 0  9993
2 62239  88.9935  78.2267 0016050 156.3289 203.8645 14.25173377 50704
QIANFAN-39              
1 62240U 24232D   24356.87545563  .00001207  00000+0  50732-3 0  9999
2 62240  88.9936  78.2267 0016600 159.1132 201.0743 14.25203785 50702
QIANFAN-40              
1 62241U 24232E   24356.58784788  .00001120  00000+0  46190-3 0  9999
2 62241  88.9935  78.2579 0016781 159.4363 200.7509 14.26115896 50664
QIANFAN-41              
1 62242U 24232F   24356.87342521  .00001218  00000+0  51088-3 0  9997
2 62242  88.9935  78.2262 0016720 160.2981 199.8862 14.25310885 50702
QIANFAN-42              
1 62243U 24232G   24356.87218300  .00001258  00000+0  52646-3 0  9990
2 62243  88.9934  78.2260 0015943 160.0036 200.1785 14.25438783 50714
QIANFAN-43              
1 62244U 24232H   24356.87295711  .00001175  00000+0  49356-3 0  9994
2 62244  88.9935  78.2261 0016441 156.4942 203.7005 14.25211030 19348
QIANFAN-44              
1 62245U 24232J   24356.23382932  .00001097  00000+0  44753-3 0  9996
2 62245  88.9935  78.2977 0016053 161.9552 198.2215 14.26667648 50628
QIANFAN-45              
1 62246U 24232K   24356.86790221  .00001189  00000+0  49213-3 0  9998
2 62246  88.9935  78.2253 0015952 159.8695 200.3131 14.25985819 50711
QIANFAN-46              
1 62247U 24232L   24356.87068705  .00001174  00000+0  49149-3 0  9997
2 62247  88.9935  78.2259 0015920 161.3930 198.7848 14.25383345 50714
QIANFAN-47              
1 62248U 24232M   24356.86742318  .00001202  00000+0  49737-3 0  9991
2 62248  88.9935  78.2253 0016159 160.3450 199.8370 14.26009303 50712
QIANFAN-48              
1 62249U 24232N   24356.86676584  .00001191  00000+0  49088-3 0  9999
2 62249  88.9935  78.2252 0016288 158.2812 201.9076 14.26194744 50715
QIANFAN-49              
1 62250U 24232P   24356.86669511  .00001226  00000+0  50764-3 0  9995
2 62250  88.9935  78.2252 0016146 158.6350 201.5520 14.25970315 19317
QIANFAN-50              
1 62251U 24232Q   24356.86637526  .00001231  00000+0  51034-3 0  9994
2 62251  88.9935  78.2251 0016648 159.3172 200.8698 14.25909267 19332
QIANFAN-51              
1 62252U 24232R   24357.14670651  .00001240  00000+0  51349-3 0  9992
2 62252  88.9934  78.1926 0016009 157.1955 202.9952 14.25985502 19372
QIANFAN-52              
1 62253U 24232S   24356.86679880  .00001221  00000+0  50845-3 0  9993
2 62253  88.9935  78.2251 0016633 160.4391 199.7443 14.25696732 19350
QIANFAN-53              
1 62254U 24232T   24356.86576087  .00001192  00000+0  49263-3 0  9998
2 62254  88.9935  78.2248 0016060 158.6685 201.5181 14.26068654 19365
QIANFAN-54              
1 62255U 24232U   24355.88304010  .00000926  00000+0  37920-3 0  9996
2 62255  88.9935  78.3381 0015770 162.0796 198.0957 14.26331805 50563
PROBA-3                 
1 62256U 24233A   24356.31694935 -.00000035  00000+0  50141-3 0  9997
2 62256  59.2521 145.0589 8112722 188.6705 133.1432  1.22068788   196
PSLV R/B                
1 62257U 24233B   24356.53047694 -.00000210  00000+0 -62402-2 0  9994
2 62257  59.3420 145.1994 8131248 188.6707 132.8546  1.20440252   193
SXM-9                   
1 62259U 24234A   24356.62583475 -.00000177  00000+0  00000+0 0  9993
2 62259   0.0809 282.2920 0001830 341.5127 324.1441  1.00272391   153
FALCON 9 R/B            
1 62260U 24234B   24356.69226586  .00053080  57756-6  17960-2 0  9992
2 62260  27.0264 142.4348 6391766 191.7144 140.1451  3.53265064   572
SENTINEL-1C             
1 62261U 24235A   24357.07313128  .00000459  00000+0  10758-3 0  9990
2 62261  98.1866   1.1248 0000973 102.6728 257.4580 14.59016904  2358
STARLINK-32632          
1 62262U 24231V   24357.16667824  .00022292  00000+0  15935-3 0  9993
2 62262  53.1582 124.2840 0000941 124.7003  10.0948 15.73706660  3855
2024-236A               
1 62263U 24236A   24357.12295526  .00139896  15611-4  79230-3 0  9997
2 62263  58.5389 314.9562 0067896 181.6307 178.4571 15.75598225  2511
2024-236B               
1 62264U 24236B   24357.12374980  .00064422  00000+0  38125-3 0  9991
2 62264  58.5562 314.9878 0066214 180.6022 179.4998 15.74453586  2514
2024-236C               
1 62265U 24236C   24357.09359648  .00286784  36706-4  13302-2 0  9995
2 62265  58.5644 314.8285 0058844 182.2384 177.8453 15.80409675  2511
2024-236D               
1 62266U 24236D   24357.17867896  .00188689  20777-4  10091-2 0  9992
2 62266  58.5561 314.6664 0064852 181.9631 178.1213 15.76993549  2359
STARLINK-11496 [DTC]    
1 62267U 24237A   24356.91668981  .00032197  00000+0  18744-3 0  9997
2 62267  43.0008 208.4732 0001644 265.1961  54.7331 15.77825146  3395
STARLINK-11501 [DTC]    
1 62268U 24237B   24356.91668981  .00033222  00000+0  19323-3 0  9992
2 62268  43.0006 208.4034 0001543 266.1367  81.5405 15.77832263  3341
STARLINK-11491 [DTC]    
1 62269U 24237C   24356.91668981 -.00085489  00000+0 -49172-3 0  9992
2 62269  43.0007 208.3342 0001542 288.6152  86.7503 15.77928078  3395
STARLINK-11479 [DTC]    
1 62270U 24237D   24356.91668981 -.01109698  00000+0 -65935-2 0  9998
2 62270  43.0006 208.2696 0001911 281.0289 120.0607 15.79522617  3393
STARLINK-11489 [DTC]    
1 62271U 24237E   24357.16667824 -.01074882  00000+0 -58294-2 0  9998
2 62271  43.0004 206.6945 0001902 285.6017 117.3963 15.81409224  3418
STARLINK-11494 [DTC]    
1 62272U 24237F   24357.03128877 -.00028779  00000+0 -12092-3 0  9995
2 62272  43.0001 207.5008 0001770 251.5445 108.5235 15.84261939  3355
STARLINK-11333 [DTC]    
1 62273U 24237G   24357.03074542  .00111501  00000+0  46811-3 0  9995
2 62273  42.9995 207.4965 0000688 278.6068  81.4727 15.84454136  3397
STARLINK-11504 [DTC]    
1 62274U 24237H   24357.03025604  .00185308  00000+0  76980-3 0  9997
2 62274  43.0007 207.4918 0001821 278.7333  81.3333 15.84455449  3354
STARLINK-11495 [DTC]    
1 62275U 24237J   24356.96670152 -.00005834  00000+0 -22402-4 0  9991
2 62275  43.0005 207.8747 0002234 256.7360 103.3264 15.84400313  3349
STARLINK-11498 [DTC]    
1 62276U 24237K   24356.96614532  .00038576  00000+0  16500-3 0  9990
2 62276  42.9990 207.8695 0002291 244.6076 115.4560 15.84431828  3399
STARLINK-11484 [DTC]    
1 62277U 24237L   24357.02858727  .00000607  00000+0  49256-5 0  9995
2 62277  42.9997 207.4771 0001741 278.5970  81.4706 15.84419183  3390
STARLINK-11487 [DTC]    
1 62278U 24237M   24356.96507094  .00026368  00000+0  11401-3 0  9997
2 62278  42.9997 207.8622 0001968 275.5411  84.5238 15.84371976  3399
STARLINK-11499 [DTC]    
1 62279U 24237N   24356.90148115  .00090911  00000+0  38415-3 0  9996
2 62279  42.9998 208.2446 0002094 287.9189  72.1455 15.84389984  3336
STARLINK-33548          
1 62280U 24237P   24357.16667824  .00136110  00000+0  88359-3 0  9994
2 62280  43.0005 206.8871 0001439 299.5172  25.9191 15.74813377  3383
STARLINK-33544          
1 62281U 24237Q   24357.16667824  .00094344  00000+0  61523-3 0  9991
2 62281  43.0000 206.8821 0003705 272.4345  54.9066 15.74852878  3386
STARLINK-33560          
1 62282U 24237R   24356.91668981 -.00038632  00000+0 -25021-3 0  9992
2 62282  43.0005 208.3955 0003019 282.0552  68.0503 15.74970212  3242
STARLINK-33547          
1 62283U 24237S   24357.16667824  .00115406  00000+0  75096-3 0  9996
2 62283  43.0002 206.8720 0002653 263.8704  67.3311 15.74827745  3377
STARLINK-33563          
1 62284U 24237T   24356.91668981 -.00121553  00000+0 -80241-3 0  9994
2 62284  43.0002 208.3850 0002297 252.3491 101.6831 15.74956244  3353
STARLINK-33550          
1 62285U 24237U   24357.16667824  .00091828  00000+0  60011-3 0  9990
2 62285  43.0005 206.8582 0002250 291.1431  45.8360 15.74818526  3374
STARLINK-33564          
1 62286U 24237V   24357.16667824  .00022021  00000+0  14711-3 0  9996
2 62286  43.0002 206.8530 0004305 290.5025  48.3653 15.74870218  3379
STARLINK-33546          
1 62287U 24237W   24356.91668981 -.00069576  00000+0 -45474-3 0  9992
2 62287  43.0003 208.3663 0003060 316.4593  45.1689 15.74972922  3245
STARLINK-33565          
1 62288U 24237X   24357.16667824  .00153321  00000+0  99476-3 0  9997
2 62288  43.0005 206.8630 0002049 246.0738  89.0003 15.74769218  3373
STARLINK-33549          
1 62289U 24237Y   24356.91668981 -.00085259  00000+0 -55872-3 0  9993
2 62289  43.0006 208.3622 0003602 305.7685  57.7769 15.74980241  3353
GJZ 01                  
1 62290U 24238A   24356.90283588  .00000071  00000+0  38439-3 0  9998
2 62290  59.9103 114.5135 0012020 291.1755  68.7945 13.28532470  1288
GJZ 02                  
1 62291U 24238B   24356.94612679  .00000779  00000+0  37337-3 0  9991
2 62291  59.9142 109.5287 0016261 317.9663  42.0121 14.27155085  1363
GJZ 03                  
1 62292U 24238C   24356.87600960  .00000197  00000+0  33245-3 0  9992
2 62292  59.9125 112.3909 0008816 276.6062  83.3942 13.74621022  1302
GJZ 04                  
1 62293U 24238D   24356.94387502  .00000190  00000+0  32123-3 0  9992
2 62293  59.9127 112.1513 0010975 291.9729  68.0112 13.75311289  1337
GJZ 05                  
1 62294U 24238E   24356.94543801  .00000178  00000+0  30982-3 0  9996
2 62294  59.9115 112.1576 0009678 291.6081  68.3895 13.75092381  1330
YODAKA                  
1 62295U 98067XB  24356.80692813  .00138458  00000+0  20531-2 0  9992
2 62295  51.6364 105.6293 0012447   6.1035 354.0105 15.54174727  1956
1998-067XC              
1 62296U 98067XC  24356.74470464  .00092477  00000+0  14286-2 0  9992
2 62296  51.6367 105.9644 0012138 358.9457   1.1505 15.53256912  1923
1998-067XD              
1 62297U 98067XD  24356.80764327  .00124684  00000+0  18788-2 0  9991
2 62297  51.6365 105.6345 0012684 359.8876   0.2109 15.53787950  1930
YOMOGI                  
1 62298U 98067XE  24356.80919167  .00094434  00000+0  14578-2 0  9998
2 62298  51.6366 105.6449 0012124 359.7843   0.3140 15.53267241  1931
ONGLAISAT               
1 62299U 98067XF  24356.80956985  .00137277  00000+0  20793-2 0  9997
2 62299  51.6370 105.6484 0011002   0.4931 359.6068 15.53614663  1919
STARLINK-32648          
1 62301U 24239A   24357.16667824 -.01024939  00000+0 -45542-2 0  9994
2 62301  53.1694  99.9884 0000842  72.7693 280.1004 15.86078804  1471
STARLINK-32594          
1 62302U 24239B   24357.16667824 -.00462090  81361-4 -11168-2 0  9999
2 62302  53.1687  99.7812 0001032  56.0311  36.7207 15.95563431  1483
STARLINK-32621          
1 62303U 24239C   24357.16667824 -.01046078  00000+0 -46311-2 0  9999
2 62303  53.1692  99.9742 0000925  83.8108 275.7610 15.86203970  1488
STARLINK-32597          
1 62304U 24239D   24357.16667824 -.01036468  00000+0 -45928-2 0  9995
2 62304  53.1691  99.9794 0000983  67.9864 289.0505 15.86161181  1489
STARLINK-32649          
1 62305U 24239E   24356.91668981 -.01121515  00000+0 -48438-2 0  9990
2 62305  53.1691 101.2344 0000931  65.0610 307.9684 15.86888337  1307
STARLINK-32633          
1 62306U 24239F   24357.16667824 -.01072475  00000+0 -47332-2 0  9996
2 62306  53.1691  99.9591 0000937  70.1864 296.6251 15.86331515  1483
STARLINK-32646          
1 62307U 24239G   24356.91668981 -.01131583  00000+0 -48813-2 0  9995
2 62307  53.1689 101.2292 0000947  55.7946 319.6991 15.86937617  1388
STARLINK-32706          
1 62308U 24239H   24357.16667824 -.01088083  00000+0 -48003-2 0  9996
2 62308  53.1689  99.9537 0000932  65.4300 303.9737 15.86377406  1489
STARLINK-32678          
1 62309U 24239J   24357.16667824 -.01131185  00000+0 -49930-2 0  9999
2 62309  53.1691  99.9435 0001014  66.9028 307.3901 15.86472829  1481
STARLINK-32696          
1 62310U 24239K   24357.16667824 -.01175168  00000+0 -50937-2 0  9999
2 62310  53.1691  99.9376 0000950  64.9122 311.9866 15.86518046  1481
STARLINK-32700          
1 62311U 24239L   24356.91668981 -.01157852  00000+0 -49746-2 0  9993
2 62311  53.1688 101.2139 0001029  42.6002 340.3406 15.87082393  1387
STARLINK-32698          
1 62312U 24239M   24357.16667824 -.01187998  00000+0 -51456-2 0  9992
2 62312  53.1689  99.9332 0000891  66.1985 312.8865 15.86559417  1483
STARLINK-32634          
1 62313U 24239N   24357.16667824 -.01200332  00000+0 -51960-2 0  9991
2 62313  53.1688  99.9283 0000764  73.8672 307.6255 15.86597670  1483
STARLINK-32651          
1 62314U 24239P   24357.16667824 -.01211481  00000+0 -52412-2 0  9992
2 62314  53.1686  99.9226 0000814  70.7646 313.4385 15.86631818  1484
STARLINK-32627          
1 62315U 24239Q   24357.16667824 -.01220944  00000+0 -52775-2 0  9999
2 62315  53.1686  99.9178 0000897  75.9115 310.6759 15.86668160  1484
STARLINK-32596          
1 62316U 24239R   24357.16667824 -.01231551  00000+0 -53201-2 0  9991
2 62316  53.1685  99.9118 0000904  67.4291 321.9614 15.86702212  1480
STARLINK-32519          
1 62317U 24239S   24357.16667824 -.01243826  00000+0 -53712-2 0  9997
2 62317  53.1686  99.9058 0000786  71.5705 320.7629 15.86735945  1481
STARLINK-32576          
1 62318U 24239T   24356.91668981 -.01320068  00000+0 -55233-2 0  9999
2 62318  53.1683 101.1672 0001250  49.4639 355.7353 15.87521922  1306
STARLINK-32527          
1 62319U 24239U   24356.91668981 -.01342314  00000+0 -56056-2 0  9992
2 62319  53.1681 101.1564 0001173  52.9125 357.4727 15.87607357  1309
STARLINK-32481          
1 62320U 24239V   24356.91668981 -.01333119  00000+0 -55737-2 0  9992
2 62320  53.1683 101.1613 0001230  47.1954   0.8476 15.87564276  1300
STARLINK-32645          
1 62321U 24239W   24357.16667824 -.01294520  00000+0 -55665-2 0  9998
2 62321  53.1683  99.8799 0000905  66.9613 337.7899 15.86924945  1480
STARLINK-32654          
1 62322U 24239X   24356.91668981 -.01352828  00000+0 -56440-2 0  9994
2 62322  53.1684 101.1517 0000843  66.0030 346.8423 15.87652599  1301
SATNET LEO-01 A         
1 62323U 24240A   24356.90805553  .00000204  00000+0  34654-3 0  9993
2 62323  86.5012 166.9462 0011623 291.4984  68.4920 13.40235996   735
SATNET LEO-01 B         
1 62324U 24240B   24356.90706632  .00000088  00000+0  13243-3 0  9993
2 62324  86.5042 166.9458 0009637 289.3705  70.6396 13.40479887   745
SATNET LEO-01 C         
1 62325U 24240C   24356.90724617  .00000064  00000+0  89969-4 0  9990
2 62325  86.4995 166.9456 0011295 283.6733  76.3153 13.40434985   734
SATNET LEO-01 D         
1 62326U 24240D   24356.83236745  .00000070  00000+0  99153-4 0  9996
2 62326  86.5009 166.9705 0010769 286.1392  73.8565 13.40487387   725
SATNET LEO-01 E         
1 62327U 24240E   24356.53277079  .00000083  00000+0  12304-3 0  9995
2 62327  86.5058 167.0770 0010313 280.6747  79.3234 13.40763338   684
SATNET LEO-01 F         
1 62328U 24240F   24356.68258505  .00000063  00000+0  86462-4 0  9990
2 62328  86.4998 167.0207 0009034 286.1407  73.8742 13.40625234   702
SATNET LEO-01 G         
1 62329U 24240G   24356.68267022  .00000059  00000+0  80548-4 0  9999
2 62329  86.4964 167.0189 0010003 291.3502  68.6573 13.40425128   701
SATNET LEO-01 H         
1 62330U 24240H   24356.90573340  .00000069  00000+0  97550-4 0  9991
2 62330  86.5048 166.9471 0009168 279.0291  80.9815 13.40794837   732
SATNET LEO-01 J         
1 62331U 24240J   24356.90865219  .00000064  00000+0  93498-4 0  9993
2 62331  86.4986 166.9501 0007784 267.3799  92.6452 13.37190422   735
SATNET LEO-01 K         
1 62332U 24240K   24356.90512973  .00000088  00000+0  13234-3 0  9995
2 62332  86.5043 166.9449 0008637 279.5628  80.4540 13.40954847   732
PIESAT-2 A              
1 62333U 24241A   24357.11919579  .00021074  00000+0  11829-2 0  9999
2 62333  97.4900 301.1616 0011019 239.4416 120.5728 15.13311853   801
PIESAT-2 B              
1 62334U 24241B   24357.11820495  .00021306  00000+0  11865-2 0  9996
2 62334  97.4897 301.1628 0010865 245.8808 114.1287 15.13594790   806
PIESAT-2 C              
1 62335U 24241C   24357.11793589  .00021200  00000+0  11780-2 0  9999
2 62335  97.4897 301.1630 0011214 247.6334 112.3709 15.13670666   809
PIESAT-2 D              
1 62336U 24241D   24357.11726585  .00022225  00000+0  12279-2 0  9994
2 62336  97.4897 301.1641 0011424 252.0630 107.9356 15.13864282   801
NAVSTAR 83 (USA 440)    
1 62339U 24242A   24352.19514571 -.00000147  00000+0  00000+0 0  9997
2 62339  55.0241 357.7294 5932880 270.0122 166.0781  4.03197391    04
O3B MPOWER A            
1 62362U 24244A   24355.33352925  .00000049  00000+0  00000+0 0  9997
2 62362   8.8528 252.2143 1926301 187.4683 167.0234  7.30127706   163
O3B MPOWER B            
1 62363U 24244B   24355.74289726 -.00000091  00000+0 -68908-1 0  9993
2 62363   8.8557 251.6197 1931683 188.6092 167.5472  7.30957429   201
FALCON 9 R/B            
1 62364U 24244C   24356.83355719 -.00000005  00000+0 -26457-1 0  9999
2 62364   8.8493 249.9920 1933019 191.9113 162.7884  7.31349636   289
TIANQI A                
1 62365U 24245A   24357.16273404  .00000474  00000+0  31589-3 0  9990
2 62365  44.9820 216.1799 0010979 320.3322  39.6712 14.14257493   410
TIANQI B                
1 62366U 24245B   24357.16248291  .00000521  00000+0  33951-3 0  9995
2 62366  44.9786 216.1781 0011394 322.4968  37.5075 14.14387967   389
TIANQI C                
1 62367U 24245C   24354.63753521 -.00000134  00000+0  00000+0 0  9998
2 62367  44.9821 227.7040 0010697 309.5537 141.8063 14.14496382    39
TIANQI D                
1 62368U 24245D   24354.63460221 -.00000134  00000+0  00000+0 0  9991
2 62368  44.9815 227.7156 0012187 311.1218 125.2926 14.14504342    32
SPACEMOBILE-SSR03       
1 62371U 24163H   24356.88881346  .00018541  00000+0  85941-3 0  9999
2 62371  52.9788 281.4821 0008549 256.8235 103.1806 15.20107075  8851
SPACEMOBILE-SSR04       
1 62372U 24163J   24354.11896195  .00015583  00000+0  70343-3 0  9995
2 62372  52.9795 293.4161 0008247 277.6345  82.3713 15.21147440 11498
SPACEMOBILE-SSR05       
1 62373U 24163K   24356.87383783  .00015279  00000+0  71104-3 0  9993
2 62373  52.9768 281.4066 0009243 271.1317  88.8618 15.20105472 15267
TJS-12                  
1 62374U 24246A   24356.04454513 -.00000607  69964-6  00000+0 0  9999
2 62374  28.4465 314.7838 7303515 179.9275 324.5693  2.28217622    16
CZ-3B R/B               
1 62375U 24246B   24355.80332377  .00253627  72887-6  51656-2 0  9991
2 62375  28.4416 314.8669 7240106 179.0658 131.9557  2.38070867    05
STRIX-2                 
1 62406U 24248A   24357.22401950 -.00000058  00000+0  00000+0 0  9994
2 62406  97.5513 310.8524 0018648  13.5934 346.5774 14.99676856    91
ELECTRON KICK STAGE R/B 
1 62407U 24248B   24356.95515949 -.00000069  00000+0  00000+0 0  9990
2 62407  97.5589 310.6150 0060210  23.2191 337.1737 15.09947070    55
ELECTRON R/B            
1 62408U 24248C   24357.00630541 -.00000746  23633-5  00000+0 0  9999
2 62408  97.5601 310.7505 0266642 223.5065 134.5674 15.68396083    65
